track_id,Clutter,Cormorants,Pigeons,Ducks,Geese,Gulls,Birds of Prey,Waders,Songbirds
6868504,0.03324023809326224,0.02865126922763639,0.016517488649548228,0.07728912185983403,0.48464828382033104,0.18702307879391494,0.003469594994687761,0.14376650704026842,0.025394417520517
6868536,0.027530016867176554,0.03189941487117944,0.03036207946568539,0.19201386768398582,0.1500989747544114,0.28619094556089,0.001732373502589448,0.23412539027199814,0.046046937022083824
6868565,0.014763931053981988,0.021422203165466617,0.012610316732638066,0.052972371882645,0.7038436073178755,0.13986368688757006,0.005035215611125083,0.037474206699576997,0.01201446064912056
6868861,0.00021076042765375973,0.030867704063791853,0.0006195814943481503,0.01296243557036907,0.9391593903910985,0.002454061847991774,0.0003388825297200965,0.012315862666570726,0.0010713210084560027
6869275,0.00014620429980328,0.02714817893694559,0.00033860740886958326,0.007156673846193574,0.9405401005595335,0.005624438733999106,0.00027137318286735976,0.016561607999890524,0.002212815031897523
6871418,0.0018593236334753962,0.08640061217836517,0.022318252217412064,0.11783274063225353,0.21530290060018192,0.44759996906808647,0.00672755732261895,0.06461380799945768,0.03734483634814889
6872996,0.28592799470404395,0.0016582131597853338,0.0015882069458014667,0.001324990941844891,0.01565474919015785,0.5790024279973846,0.06773513679905188,0.015901128299063472,0.03120715196286667
6873817,0.010670006473517776,0.017617798630183434,0.003486889170403227,0.008168101397787663,0.11764717148730448,0.5126115355337842,0.002042311983177325,0.28738612941234093,0.04037005591150102
6874023,0.00023826317211615095,0.010646666534247102,0.00640456028606075,0.003633961071007058,0.01079648025610827,0.8550743652151587,0.026129456501326094,0.06676110354378256,0.020315143420193468
6875504,0.0001817329371938228,0.025369573548805237,0.01146579975988307,0.0023686995417831363,0.0021258752486691766,0.6474178417671278,0.05731125803025756,0.057905895798577474,0.19585332336770278
6875899,0.00012887014264389632,0.0019643017551709526,0.0012703642056105832,0.0007297885135004867,0.0012116068241246418,0.7930307807795425,0.13997142715240346,0.009537405575998211,0.05215545505100526
6877293,0.0021761722615138575,0.0016847831260370912,0.0037131233645127134,0.009252522845766751,0.00039280076253848316,0.008385817137674334,0.003078736190636526,0.027363997558741006,0.9439520467525793
6880408,0.0017930261144227216,0.030251142497094038,0.020394479822055035,0.03574445452885949,0.010623480579699902,0.4709682756061091,0.10152190889018366,0.16190606184910994,0.1667971701124662
6880690,0.0001248327253339884,0.0011893760905259637,0.004283441134415141,0.0008947395866271195,0.0004919970265347547,0.8878047439311277,0.02030605045038155,0.023328820040064868,0.06157599901498888
6880833,0.002112044300669683,0.00039942178876411664,0.004987991416764766,0.0011420953142032093,0.0003385436911704726,0.07459092940181034,0.25189385905873907,0.01986510320410559,0.6446700118237728
6880956,7.781973930501043e-05,0.004230035888252265,0.001966327936150188,0.0016013297370880133,0.001891566636385616,0.930929609555856,0.027004331681705455,0.0236146371369131,0.00868434168834428
6881733,0.0008532713011491221,0.0001371862527001768,0.0003208548350497581,0.00019973452001781342,0.0002766177967625663,0.005765359907833571,0.98966451523985,0.0006376608456339197,0.002144799301003069
6885154,0.04806989534209664,0.0052422260404931306,0.006880784330174535,0.005377311266269053,0.006160674642382925,0.555204556019192,0.091657439453711,0.12799508634604953,0.15341202655963118
6887294,0.0004235013451023734,0.004207013955053115,0.0020704508671924053,0.001272591528479282,0.0011257271028935697,0.7430626424598126,0.013652675309322388,0.06833693826629336,0.16584845916585098
6887586,0.0019789779223277283,0.001968977304951132,0.004941476329408865,0.005634722258434112,0.0008830558129400024,0.12767511806447324,0.005171521099422777,0.08553931200626207,0.7662068392017801
6887600,0.001992741634446778,0.001876204692601741,0.016740917435594943,0.013589451757117555,0.0008896903576702331,0.16118519955510002,0.007274813882748958,0.07044370262498884,0.726007278059731
6887637,0.003190322258480044,0.021655778508413385,0.010850329870978111,0.0745255813029719,0.02777249729090902,0.5625885278995351,0.025336483808741424,0.11562064824360158,0.1584598308163695
6887702,0.003593693193556652,0.0011420232213305555,0.006706033004267385,0.0031184868378970002,0.0005701966553323172,0.13360426622043828,0.03677009832234504,0.10956168574278244,0.7049335168020504
6888243,0.001380825446456072,0.034895078591973015,0.04049495681289957,0.023346055576008756,0.003022288773371953,0.24953386172896289,0.0052991003161672445,0.030456139227169044,0.6115716935269915
6888737,0.0007924765910106116,0.03142331537056094,0.008473576251073166,0.033781645920620426,0.011172905785293275,0.2410553826071389,0.012301912167667252,0.02557879322650237,0.635419992080133
6889024,0.009542100071935969,0.0006743507946644446,0.006752509421430779,0.0014906091807323466,0.0006982127120382856,0.10117851811750468,0.47786794820612355,0.024808576080858905,0.3769871754147109
6890285,0.004277523371912359,0.017516897730884405,0.0034521499454588573,0.0020651661099992547,0.001625263051588945,0.6258751447706333,0.22386946378199998,0.05447454926181759,0.06684384197570523
6890416,0.0032736778741415617,0.01719715438682277,0.15763224514537594,0.0038295417736294362,0.0008732121596856807,0.21339760899147664,0.10123003126159577,0.14862291501991032,0.35394361338736197
6890579,0.0015231558075234162,0.000692946660241923,0.010429938133451146,0.0012184664982037871,9.683667845156117e-05,0.016686584500381574,0.01659813081988555,0.009307334054531873,0.9434466068473292
6890917,0.004459006240561658,0.001669381050568175,0.015232921795272112,0.0010964218193355141,0.0006162025620226083,0.1647933081083208,0.34944790068015447,0.01786416272947148,0.4448206950142933
6891091,0.003222036385165677,0.002869827541403979,0.009132479473008309,0.08766036383565606,0.0037339948381860956,0.12903850801969813,0.004191340576738641,0.09336619680240296,0.6667852525277401
6891208,0.0002946967717068082,0.0006638865626503651,0.002062020254518537,0.0006200937053813183,0.0002693997564945041,0.1567792882386131,0.1446419403495799,0.024104196325449898,0.6705644780356057
6891245,0.00112724641805937,0.002198988826320453,0.009715701431601267,0.000992561624433685,0.0010660910629799896,0.14251839925012286,0.332740441775836,0.0172046596633405,0.49243590994730596
6891309,0.0007000291901373343,0.004633309723646702,0.011531170295145336,0.002786819810456511,0.0005467095679261257,0.1683181968004116,0.05028272027371932,0.022423459370005897,0.7387775849685512
6891366,0.002214661371081453,0.00023501910118132834,0.002042073763952311,0.00023948440872253616,0.00016522071932056345,0.024478541549811533,0.13573207660292685,0.0033157185268944556,0.8315772039561089
6891473,0.0011035491958944813,0.003222126442481072,0.008444711026438971,0.0059360845203509215,0.0030691907560389128,0.2096391018224565,0.04633283060855726,0.020473219209037986,0.7017791864187438
6891484,0.0006018714128728603,0.0012066238761479164,0.00707858207370579,0.0007845187013872595,0.00034097405479256195,0.07242286325623472,0.1367393799170208,0.011862075523633973,0.7689631111842041
6891531,0.003231324782209831,0.0072342936305139684,0.0034867742237950274,0.0017707990843265642,0.0010182453932565919,0.19889335967518385,0.238134200431727,0.013652682651784171,0.532578320127203
6891557,0.000919614624524773,0.0034709945833205184,0.1325900732818677,0.004365510607535793,0.0004067731693490392,0.05224533261707948,0.01955609368427584,0.046359504212513426,0.7400861032195335
6891579,0.0005909232903522854,0.0018189282750455393,0.003414070069510541,0.0012465112963213475,0.0007026323440995943,0.118116033579596,0.11587231014820597,0.005235197842111822,0.753003393154757
6891867,0.05562982725066753,0.002764490568111317,0.00927035302194469,0.00398315734143094,0.002121580648548859,0.0740246066141649,0.6524360769850734,0.040278835765039725,0.1594910718050186
6891888,0.011709671860134822,0.0022805178889222975,0.012808101359053673,0.011515780714917944,0.0012752011770235916,0.0586799903967103,0.06965518766956871,0.07471272471069977,0.757362824222969
6892297,0.006363047608526156,0.00043569097728735106,0.001772246406708148,0.0006696619075634139,0.00028619954137351926,0.017865613496740897,0.4523373769098747,0.003096927752060065,0.5171732353998657
6892562,0.0038613584461121993,0.00048074265155468926,0.0038053977052826394,0.0009510260777394152,0.0003847750663525189,0.10423915536672115,0.4916588029892354,0.01669674267238583,0.37792199902461615
6892587,0.0037349614310838433,0.0007566558067746314,0.023893738504761113,0.001968613315033866,0.00028740987988057636,0.29148445400760997,0.18520354921525173,0.06790529603801676,0.4247653218015875
6894293,0.0009237525772973936,0.29482256274405827,0.038554896955599195,0.03834448790639125,0.045086537397590595,0.12216924428760957,0.0051678449545497634,0.09092397379977896,0.364006699377125
6895609,0.001967345856968101,0.0037233269497506673,0.02965901754533716,0.01577550210675773,0.0010642703323019106,0.041711803803680836,0.010482526695131627,0.020794933516511887,0.8748212731935601
6895723,0.00039671314625246487,0.0002985775120249174,0.0003958677491109815,6.867670465895908e-05,0.00016668562439240442,0.968442047260686,0.01743278307717829,0.004965811380954913,0.007832837544741213
6895905,5.753148355802051e-05,0.00039047383710646673,0.00023852133454412475,8.0343512908998e-05,8.305264651311929e-05,0.9483176032940763,0.042327094858606036,0.0034674824176634113,0.005037896615023566
6895906,0.00013873189376463208,0.0006534110168344905,0.0008795129614574593,4.992677409216669e-05,5.168769155729452e-05,0.897016429460505,0.03740632744369225,0.007667934949607628,0.05613603780848919
6895927,0.00041233215019341674,0.0010569835265899212,0.0011171317680642304,0.0003061751562857588,0.00034959326906253585,0.9517368649907988,0.011848220780760789,0.016148445452542824,0.017024252905701785
6895938,3.376324055564427e-05,0.00025067971469225803,9.07148973771434e-05,3.987610654550366e-05,4.9455597435084775e-05,0.9439506136601258,0.048101324500054714,0.0025504598933998525,0.00493311238981413
6895939,3.679429713351513e-05,0.00038608889553777597,9.539428269452397e-05,4.009697587205729e-05,6.543716956488557e-05,0.9694231892564347,0.021888595863669015,0.0027903323271962852,0.005274070931897369
6895948,4.4819082145495707e-05,0.0005600852629735588,0.0007341832372337282,8.619595476098267e-05,0.00013590257332941083,0.9465333028380881,0.03725725235798244,0.004280284869903379,0.010367973823582803
6895973,0.0002403709362682593,0.0006024005869711476,0.0007095478095179773,0.00013244677085554252,7.315785062528446e-05,0.8690544924594988,0.055689381955996826,0.01682120878107793,0.056676992849188104
6895974,7.666366146473937e-05,0.0002796817634969655,0.00019371553920673513,4.799679240704041e-05,6.0136049594930046e-05,0.9089275097388394,0.07747558789186047,0.002561623187808468,0.010377085375321136
6896754,0.0003703403661463669,0.0012697279045372721,0.001936948444914916,0.0011467613601078759,0.00018636387968744118,0.622962696484376,0.07208320169309364,0.014024317113927393,0.28601964275320924
6897915,0.0011737110772825942,0.1556011599882329,0.062032972322667114,0.05447426413508933,0.02518565540549088,0.33818074020587835,0.038868258385821204,0.1355960357565405,0.18888720272299725
6897964,0.017392409045562246,0.021702335859102237,0.042626690978467816,0.0692226310935429,0.09361710887829744,0.42975242285310095,0.010322655669183736,0.19236352594895753,0.12300021967378504
6899282,0.006017358217396869,0.0008762927830781497,0.0017746100433835023,0.00114938922251435,0.0005653797382749495,0.10451827081661508,0.5415691094482077,0.006403709878407652,0.3371258798521217
6899294,0.027277350173540733,0.0016231341051206308,0.007259016918589848,0.003560772152862716,0.0009809218083337637,0.09163559816292437,0.5090271487152375,0.056928632208132386,0.3017074257552581
6899376,0.0012030926244511167,0.006057071619264236,0.023082394645533404,0.0017524197117415726,0.0008577985283796418,0.10255841552127,0.1503255104096453,0.019802305865049212,0.6943609910746654
6899506,0.0017240757721761004,0.0015819499551555786,0.0011785504308647787,0.00017798067804815422,0.00026897712719691977,0.4823954154532372,0.4404479605268433,0.007971250522917332,0.06425383953356051
6899530,0.004814103501698745,0.0014327219730210093,0.007682075519493239,0.01735643715744219,0.00021339546918674567,0.11705702718227474,0.0035452375389387033,0.08106306770680989,0.7668359339511347
6899560,0.041540913127760676,0.0013601364829701585,0.005779135660831836,0.006405901407892559,0.0009277210285637176,0.14062943330635128,0.20342477898251088,0.03846138071152683,0.561470599291592
6899670,0.004797589725286659,0.0007042508072763594,0.0028903871725410716,0.000341847571673024,0.0005085750268683511,0.06644180687926911,0.08107519776157945,0.01726560739105353,0.8259747376644524
6899695,0.000843780924030052,0.0005043301315806523,0.0045162004420041665,0.000460547417507087,0.00019929332117689114,0.07444864120122739,0.011694306761057626,0.00738320412647706,0.8999496956749391
6899730,0.004477362671946652,0.0007307051475743155,0.003074636181807706,0.0013216999264295958,0.00035766798887094795,0.13493285920048248,0.032432603904608406,0.02356915201152322,0.7991033129667566
6899754,0.02304316762641682,0.0010857806773804893,0.005170709054032675,0.020165151621464605,0.0006487049450564231,0.46001282626264456,0.003735044888337901,0.13686692442369924,0.3492716905009674
6901206,0.0002964565037274489,0.0032497206039925793,0.0157255911752529,0.001563074439731957,0.0008553570869639607,0.3427618076747955,0.13136403048463433,0.037510543822706306,0.46667341820819497
6902131,0.0001397910360920265,0.000369645129580643,0.0009151779394091335,0.00038892793335943397,0.0003033733221711699,0.6516026493592326,0.3320265192645211,0.007708521564547674,0.0065453944510861
6902271,0.0007037331989780835,0.04279450709832323,0.006829143999193992,0.025532815911410704,0.015801470899459314,0.5014082491477351,0.01011655377383352,0.13044717487955368,0.2663663510915125
6904326,0.00557507874403587,0.0006078194061596376,0.0034430665272930983,0.00110209126979608,0.0003453229253070095,0.04462121893874737,0.05638713468725073,0.026679185624479268,0.861239081876931
6908023,0.00026644103991319007,0.033057617105858285,0.006446754572887518,0.13384996787138057,0.02041512245118432,0.5467320789436176,0.007903053426326922,0.24321232764754516,0.008116636941286542
6908625,0.0009316109937684264,0.0014313764845014694,0.002791549111057024,0.0008974810133620464,0.000780416953370464,0.41246544145752206,0.5012583791222577,0.010391391985941242,0.06905235287821965
6909657,0.001716357175859672,0.0006212734780992202,0.0072765436302651134,0.0008019818354556365,0.0003291429916509852,0.1121819582831502,0.09305691246560026,0.009391592031014088,0.7746242381089048
6909786,0.0058710577732845465,0.0007332563426437216,0.006452011069561612,0.0031377526582866554,0.00031126601719598345,0.0723212705074076,0.07633739761565643,0.04529356412498902,0.7895424238909745
6909952,0.001510867897804195,0.0008574887736178789,0.0070050489216813075,0.00024039566592222754,0.0002630072236592393,0.04971261356938664,0.12086679428561024,0.0073388882159419995,0.8122048954463763
6910003,0.0025920694370508736,0.0005667709219438028,0.005342058199774032,0.0011820610483911159,0.00015538227719818118,0.04321922762157367,0.10364183816825637,0.015193312770517574,0.8281072795552944
6910407,3.644716732211747e-05,0.0006043707539587409,0.0004914986717490074,0.00010973307229876584,0.0004925771972622968,0.9824064663155019,0.009585984568089023,0.0030752151164210972,0.003197707137397122
6910422,0.006159942672991119,0.0007335371776916297,0.008182493473499308,0.0009602603991885998,0.00023821152086728293,0.04385638968234005,0.05940477688144047,0.01664934864745664,0.8638150395445249
6910425,0.008105026177565566,0.0003698940718540788,0.0028977089842719232,0.0010630459515530036,0.00019831776680321656,0.019475896725218645,0.09730826928598502,0.007810397893898885,0.8627714431428497
6910560,0.0030692582905774883,0.003632696517594079,0.057711174236418264,0.0863067747662504,0.0013798967409008893,0.03895861217796441,0.013863231994989417,0.1883824889599219,0.6066958663153831
6910590,0.006546395950055396,0.0006428268848047152,0.003900345228276682,0.0025788535805421585,0.00044536301806995536,0.038723363626181256,0.22695218952722104,0.01584087030868681,0.704369791876162
6912744,4.870891144270641e-05,0.0013194298996765615,0.0005010818004498186,0.00033984956527261206,0.0006379168431346248,0.9764097638650048,0.006393869929831681,0.010316289482726455,0.0040330897024607884
6919118,0.00040283807334905196,0.005259124445269761,0.018268729081999516,0.0013061014565532592,0.0008381065532137607,0.4958603546581621,0.1397047867781035,0.006785856146509358,0.3315741028068397
6920152,0.000385285713112169,0.0041137193810974,0.042332998447566064,0.0018383469417854392,0.0007509645095906082,0.45065030724961824,0.10212436227309907,0.020899976011647007,0.37690403947248396
6925791,0.0005981263827736626,0.014194654162619287,0.01916374789335097,0.008839672155395347,0.002828417131967031,0.7587720612161378,0.03844250907129826,0.12927260100784604,0.02788821097861174
6926246,0.003483930705534229,0.0008058698640433593,0.00022948593497635933,0.00010671280002461774,0.00027947452542784906,0.9374092658470323,0.04329902267257335,0.0038503893256412315,0.010535848324746716
6928841,0.006814560026616507,0.016662079482462705,0.022874007700610592,0.10347349531787227,0.032588687363023006,0.1665187003638462,0.0020322246035587173,0.6192453001116243,0.02979094503038577
6928933,0.00021979117721637002,0.007436936628766552,0.0012282021379104975,0.00019632311840301706,0.000642947952848798,0.9597842929661096,0.015368370351243223,0.006868869411176624,0.008254266256325344
6937241,0.008618139240538501,0.0016140733410277795,0.022481804846821978,0.0059058053326515115,0.0007037906158334835,0.05329827053833924,0.019623843269472595,0.10055641475629756,0.7871978580590174
6938426,3.3759236271308535e-05,0.0007657388186344612,0.00034942113702170706,0.00010588445671845509,0.00020620773737566603,0.9747676198629199,0.013631622642380641,0.007867712811067691,0.0022720332976101892
6938530,0.00011836184484873713,0.0013310494329537798,0.00024418370846710055,0.0001304611267977412,0.00040491479342555673,0.9549955545282279,0.030311135346977876,0.01010092480499055,0.0023634144133107713
6938682,0.0004712309541945007,0.0010869858567833974,0.007150888200354559,0.0008233713762020173,0.000624422520036476,0.09427541365155592,0.45686782184261565,0.005323630700677256,0.4333762348975803
6939166,3.5821990232743135e-05,0.0012109236566788214,0.00030322941718529366,0.0001062085396010219,0.00016472216639135847,0.9735543396140547,0.016973146411533274,0.00634287633389378,0.001308731870429166
6939222,0.0030276855331451405,0.0008311895713601923,0.002253715715836826,0.0007041940474677191,0.00038644113385000937,0.24380186546845709,0.6493409193519925,0.01095170010508389,0.08870228907280678
6944591,0.034176313502002675,0.0049591640079538835,0.01014182770918806,0.0007399444442162122,0.0011247812557492725,0.48486434270828227,0.3480149644751679,0.011439608896450846,0.10453905300098898
6947293,0.0001266096481323643,0.002033197221589365,0.0015807393229983634,0.0005511513514731419,0.00038259537474748386,0.9597363506529512,0.015153789103269992,0.008731648944519738,0.011703918380318352
6952804,0.0002648750261206253,0.0035491605591174147,0.00972291865138758,0.0019557597288867618,0.004540539115345816,0.8803858097163177,0.025215025913654758,0.022742119267331343,0.05162379202183798
6975207,7.528751443771507e-05,0.00023133418998747004,0.0006107885702276984,5.801246997254921e-05,7.451736621819371e-05,0.9814796171490413,0.003257646969681023,0.004142680563858611,0.010070115206575487
6975472,3.687219633782471e-05,0.000412606344517323,0.00028410469225190275,6.583764449323437e-05,6.452699794203146e-05,0.9887169640382052,0.003233501539542479,0.002134056906013928,0.005051529640696044
6975490,1.8699283831229507e-05,8.670709495828212e-05,0.00042010720124544145,2.4325381530391873e-05,4.367382472009041e-05,0.9874880758134538,0.0037155041719247016,0.0032879320414374246,0.00491497518689872
6976427,4.468485235194446e-05,8.424197066390042e-05,0.00026643297142764946,4.072278154112934e-05,6.994270099293987e-05,0.9842224025130979,0.0057309349304330934,0.0030729863049137746,0.006467650974577725
10551287,0.00010904478823845489,0.0004362964025885352,0.0002945454950487807,0.000471572770802153,0.00020828204895010228,0.9861476908461555,0.003779217749946589,0.0061445056233261665,0.002408844274943675
10554874,0.4540562629484469,0.008307285320383764,0.014125520734923668,0.005245041729456627,0.010961863892013705,0.20435080211870554,0.17977359800049098,0.02668797927999296,0.09649164597558588
10555071,0.0005876861966756479,0.006780274657387345,0.00844152029411535,0.0007437781328841021,0.00033800152912354076,0.3451859152664417,0.024373436348211267,0.04188871986803733,0.5716606677071238
10555459,0.0006833509731084357,0.03092219780347467,0.07465257181420126,0.005962719154015165,0.010128508567661659,0.3352822214302083,0.03390563505212652,0.17110543594037453,0.33735735926482946
10555968,0.014757223640013629,0.010161850400745825,0.011155613409752192,0.14616468908738292,0.04105515878297539,0.4943043734699032,0.0018895324596620447,0.09941606176238335,0.1810954969871815
10556692,0.015464731154317374,0.005368269547388891,0.02007366164228357,0.06495186228164908,0.0011760154277915193,0.10445361097192445,0.03449259350572482,0.24599471784917,0.5080245376197503
10557065,8.73453668973864e-05,0.009147585611187038,0.00036415942253238004,0.002077680218783462,0.011294218041484092,0.8774256215010283,0.014794772229661779,0.03053806106893728,0.05427055653948836
10557235,0.0001919857685819455,0.006999178087531949,0.009356682854258457,0.006572294801897904,0.0027183324870977735,0.8993645955677138,0.004695890265288799,0.05265183032168198,0.017449209845947413
10557310,0.0013542850523977782,0.009422414368332238,0.021004202875519292,0.012134385541112434,0.04866091312370733,0.16759992113523187,0.0033992124539488767,0.03984844523228144,0.6965762202174688
10557603,0.0004392164059396985,0.006758347919494461,0.004077733940215582,0.0024064992132274495,0.001372012097754869,0.423688832243698,0.02634629547566376,0.08401014926503894,0.45090091343896727
10557649,0.00018176709242268802,0.005676567173654623,0.0010303517088608553,0.002270832076358527,0.002938449329335469,0.9501956055682962,0.0062088368494014785,0.02038943793156015,0.011108152270110066
10559369,0.0024709592445551123,0.0010445654433052743,0.0006187857456948499,0.0005554118222616472,0.0023989745044877596,0.9467695834850055,0.014675425349061837,0.012518975061128236,0.018947319344499745
10559516,8.436624664380529e-05,0.0010362843220389937,0.00013559875813556524,0.0007438867809470838,0.0006557898547287855,0.9669635100374243,0.012420014364899267,0.0071856049773119796,0.010774944657870301
10559765,6.719184873385098e-05,0.004914093009281045,0.0014753643905853202,0.0012796247167718084,0.001271663657160748,0.8634717876019766,0.0059540939359064874,0.018313264952348248,0.1032529158872359
10559904,0.0018390299979256831,0.001788664452666529,0.0011307408559365737,0.0014058164690533993,0.0005857060834397487,0.8914590913726191,0.020317211026832014,0.042492054359903914,0.03898168538162308
10561136,0.0037775957668589864,0.005509883464462779,0.00268350275463082,0.001197089243132068,0.00170167089858724,0.8251819432987256,0.010794407326453861,0.052089338179399966,0.09706456906774853
10561583,0.005638511712518073,0.001122589763759118,0.0014664534606641127,0.0028303690038834024,0.001043315189205064,0.8151483405564395,0.10476487779649343,0.044829521094655336,0.023156021422381955
10561870,0.00010096643068900485,0.0017482047227805912,0.0002331235019318996,0.0004039251465164574,0.00048746741464309254,0.9349020722590142,0.049995285927988006,0.009396824649819394,0.0027321299466174457
10562711,0.002039404642823828,0.03375887264339547,0.008278555940378553,0.3358092543264075,0.11612710163354963,0.11772726183639637,0.009337563854610775,0.06866885746128318,0.30825312766115465
10566953,0.00011625190697701862,0.0009503277889286946,0.003727599754501045,0.00037939839318383247,0.0006744401883764481,0.7597143082193979,0.20056376157571976,0.00907292680810149,0.024800985364814062
10567563,0.003551433287118549,0.0038787238993786104,0.006728906662402125,0.002403409995497496,0.003169769167947645,0.5000290606449106,0.02072674773183081,0.01791298838091872,0.4415989602299955
10568512,0.007318621584567227,0.0013109285484619031,0.005153211804367324,0.0010776561599988713,0.0006743393394652765,0.6563062846532738,0.2017070909359197,0.042178348409221786,0.08427351856472408
10569249,0.00015394120790106547,0.0012916417166864407,0.0007140456250760535,0.0003424667625719857,0.0003311148297866609,0.8865978702102469,0.08476029169207915,0.005914057306036281,0.019894570649615514
10569900,0.0012075831051173353,0.2052861473503065,0.009830072600121519,0.038940857709364105,0.2777955133572988,0.3416517347240526,0.007820165214955738,0.07416438000308227,0.043303545935701175
10569996,0.0022607716884822326,0.0015609897787491839,0.002414089885468468,0.0014411102469120117,0.0006711909004138578,0.6913054110098772,0.21231916530855177,0.04220749713644563,0.045819774045099675
10570047,0.00012893049172975173,0.002134343127967703,0.0003472494519094432,0.0033830163375239714,0.0006407032486938461,0.921191770614174,0.012464470854368937,0.05124615678651103,0.008463359087121312
10570186,0.0011830314520642814,0.0009900025351435473,0.0013225254645125785,0.0004785542984784924,0.001100316193015849,0.9201830153524038,0.030161409645363138,0.024406420887382974,0.020174724171635412
10570190,0.00010890543903279137,0.000855653853580033,0.00026874624696401504,0.0004719277780319944,0.0005789597494156197,0.9187832450888725,0.06383015680317715,0.009354156936008592,0.005748248104917297
10570281,0.0002991756431999355,0.0017497141739268743,0.0015753646074660832,0.0013690238513859169,0.0007251780654124562,0.8533904302579363,0.07902145848973409,0.042588055328700754,0.019281599582237782
10570444,0.3998828663587788,0.0067169599031207125,0.010722703831493163,0.00976150062585419,0.006894918234097624,0.37151345773852656,0.025467456180781698,0.08859127711294845,0.08044886001439888
10570516,0.0009297075327785079,0.0026123647865141457,0.0010870267091728134,0.0006244368348087133,0.00036171121593071707,0.8981186771464131,0.013666105703905761,0.0356862509063411,0.046913719164135045
10570563,0.0037629684413515367,0.000530539846017574,0.0013673642591683487,0.0007054355672341272,0.00046367562292207355,0.7164577589877005,0.15888113050535707,0.04340551178834754,0.07442561498190133
10570908,0.0013033256309764219,0.000314245159160845,0.0003477083506681373,0.0005370046716527529,0.00047959044219647964,0.8274278030650866,0.13845814550420726,0.01807024319593756,0.013061933980114073
10570962,0.0006801264456109639,0.012028448206183156,0.036434584976255874,0.002270319013487599,0.0023704749646283004,0.34819696236078085,0.01000279154458864,0.45815991876845297,0.12985637372001152
10571126,0.025807059705605283,0.001548907982804847,0.01226113453912722,0.0036112661992327507,0.0007821513078535967,0.3624180422211765,0.05700723394202163,0.059251562098012016,0.4773126420041662
10571129,0.04339200826921549,0.006373496491286853,0.014875418917867693,0.03932448013451835,0.0033690847985021976,0.5729548463340531,0.012691565377381555,0.09823793545242102,0.2087811642247537
10571130,0.005458067194935036,0.00233457695090262,0.010569087835940497,0.1434899682540159,0.0012886784663387488,0.39412961406596153,0.0031434455849895723,0.14390721727964553,0.29567934436727056
10571150,0.008116961681436618,0.0014441022124759527,0.0009645434154856821,0.0012585695324070043,0.00030783308236906456,0.8629189943435908,0.008163884984376837,0.03805720641977066,0.07876790432808742
10571157,0.012080615952784965,0.00048582486272227013,0.004265496220837955,0.0008807766422438238,0.0004821890103562547,0.23580343306580406,0.6457711599145649,0.012009701965222956,0.08822080236546281
10571249,0.0005198843314492088,0.0002562682556156742,0.00034309367183055564,0.0005935442238078105,0.0001686061884593847,0.8833014823775271,0.05507262135586153,0.02113647184797006,0.0386080277474787
10571563,0.000671489837333746,0.15959364435994383,0.010605452584517063,0.013140733797356816,0.008493412235614799,0.5364626871045943,0.007910034277375248,0.04445081591338448,0.21867172988987968
10571600,0.0008300883560837968,0.0005076167108331831,0.0004061749085707533,0.00062232442835321,0.0007463149837245294,0.9362024160294407,0.016741015839030825,0.023264818742302212,0.02067923000166064
10573894,0.0016549968069232473,0.002522686926455135,0.004801540586484357,0.05960887971414956,0.0047709842709040065,0.5635202834358403,0.014437781091033525,0.272937873660092,0.07574497350811793
10574347,0.022597030022489657,0.003522533008677004,0.013222637725919188,0.007552159474252652,0.002017273358147843,0.5249425176053563,0.023916686950741083,0.19121226807255268,0.2110168937818635
10574370,0.0011582168052087412,0.0008772982205410049,0.00252056594827763,0.002102861998718648,0.00044713333350588226,0.8371969808985724,0.0262472134953145,0.058604389430831016,0.07084533986903002
10574372,0.002007893009059226,0.00037600650652431844,0.0007336866046496839,0.00019661346963075095,0.00017136390590844077,0.825433973825902,0.09665526092577595,0.008878052557715562,0.06554714919483418
10574408,0.004501686113492072,0.003937582097752806,0.003257792024291473,0.2790211846777883,0.016614211439722366,0.3560776742273162,0.0021225259536486437,0.10380513608479945,0.23066220738118878
10574430,0.000970764989588574,0.0008739088619379917,0.001182664593882906,0.0023318621123295195,0.00030095592406041206,0.6312040740623178,0.005526931017765866,0.04478201292309175,0.31282682551502516
10574439,0.0028123627625647155,0.0006511310909680307,0.0012762367569869896,0.004418731782637312,0.00047025299668042693,0.8677883367644543,0.025363736199863176,0.06049102307045024,0.03672818857539488
10574456,0.0051476853642999625,0.0018493107251871686,0.0021817323261170236,0.004865403869892325,0.0023161993460369735,0.4227541257366946,0.014447983542627841,0.06461571644186112,0.48182184264728306
10576038,0.057900387345325766,0.0012715333996466478,0.0009044644054529433,0.0006086134692763966,0.0008277941182454285,0.870080776779121,0.006182791698525201,0.04349108434642242,0.018732554437984175
10576770,0.0016973585844639154,0.004695418104929699,0.0026812903974584306,0.04772712045457561,0.001164913430907074,0.6120543378542553,0.008482446653388927,0.058566802842096616,0.2629303116779244
10577118,0.000230906313796776,0.004991261875160895,0.00523817424896041,0.0053309526899234135,0.0016918339942971002,0.7583199397090445,0.02077519917314103,0.030943795540719327,0.1724779364549565
10577354,0.0028429681119207075,0.0006211525558167839,0.0012832020361797688,0.0002292511589101308,0.0002377158203630838,0.8516977879761872,0.09992589053736939,0.01007251169551596,0.033089520107736935
10577622,0.00023516374762674042,0.0034091369953499523,0.0040199471475049885,0.0035070848476552157,0.002700239584391615,0.6983441911091087,0.02677038954449582,0.039554816913782875,0.22145903011008392
10577723,0.0011490442951686095,0.0010311735217742345,0.0010853926254407622,0.0017823589408693607,0.0006905654256235247,0.9256350860474438,0.029111446605390293,0.01292363725045494,0.026591295287834223
10578130,0.20250026822997164,0.007070582720746509,0.006640442731519081,0.0024178175352621845,0.006193031254526217,0.5553224623435097,0.02058742656309826,0.04508813780159702,0.15417983081976935
10578295,0.0013718312494865638,0.004956963916409025,0.002420241716082931,0.0020638193503978355,0.001172905815288886,0.7746005987266911,0.12182074087262972,0.04951729885662739,0.04207559949638666
10579132,0.0007605431714536456,0.0020015007708537556,0.002587091076374309,0.0011672792772688834,0.0009299037866626223,0.7246577590632775,0.18935868714960818,0.02249207468279084,0.056045161021710345
10579372,0.00021807364552618516,0.008749611346050594,0.004632380427019793,0.0012608153973754355,0.0014271976841602446,0.7885011968552221,0.15196549491426695,0.026323923670384074,0.016921306059994676
10579452,0.00043877522425043563,0.021536551529452344,0.0024612493640900355,0.04138135571811906,0.0525997088506538,0.7531723143675391,0.03966315445667282,0.04861079274218863,0.040136097747033916
10579754,0.00038818120778676146,0.01010469154944385,0.004325464006973729,0.008171182075224397,0.05150578839508979,0.6626429389518405,0.031280313603121196,0.16387311833912974,0.06770832187139005
10580098,0.0004930271870231061,0.001019352758956075,0.0020476365155750985,0.0019382047298141687,0.0015997070405270853,0.7649566395237638,0.17387119087272787,0.039272262111471716,0.014801979260141153
10580150,0.0005675401869857728,0.017503920906521264,0.0024619896410362353,0.005901799309376022,0.0038223089118427124,0.8013980593593767,0.03260087785945383,0.10852381413974145,0.02721968968566605
10580642,0.0014142262645826863,0.000604225971689244,0.0007537206622905971,0.0010896707196415899,0.0007399741743047533,0.904673300382888,0.027998560751256132,0.024885474147841227,0.037840846925505704
10580740,0.003802818796980329,0.0006370310000839714,0.001173327950366719,0.0009314946309008755,0.0005913041228117766,0.753150657822339,0.14482339455954557,0.030703769952406985,0.06418620116456475
10580745,0.0013160786546573024,0.0009773949835391058,0.002221694502785973,0.0006468144444625781,0.00033398438173090606,0.6732824991406282,0.17040595577002562,0.05669878571410748,0.0941167924080627
10580771,0.012590751376792046,0.0008009286931220026,0.0027945240929045925,0.0076318916466748985,0.001021374900051185,0.5646989186776149,0.018755794911058686,0.3161264572973712,0.07557935840441041
10580995,0.0006333879798108399,0.0010834826984583786,0.006502240265736698,0.003748745114940827,0.0009045212708479165,0.32423039125448216,0.04952029211791017,0.03568679079811019,0.5776901484997029
10581310,0.00031154408529947194,0.0034732014143920003,0.0027052270784368973,0.002162342032307323,0.001014040519025076,0.7684237920547564,0.07805021660838365,0.011700952272849827,0.13215868393454938
10581368,0.023580556408436978,0.015661688176771767,0.02897469008782069,0.3718841652443589,0.01129110584459645,0.1817025909354868,0.002048969142412887,0.08890844441134854,0.27594778974876694
10582173,0.004502767552184557,0.0014704606963211132,0.002251001601718057,0.0017364545335678964,0.0018980842653042443,0.8939529959609129,0.007395866005235507,0.02892286548064205,0.05786950390411377
10582418,0.2575467516147488,0.003021801803446961,0.005786442537846957,0.0014022731593156086,0.008658918098836427,0.6290627180568167,0.0157688360927605,0.013610425578661626,0.06514183305756634
10583009,0.0002540711023732757,0.0023974014048397854,0.0007776500810680317,0.0018778549031372264,0.000995274049630843,0.8464094469767474,0.12737523193544711,0.016220855026118572,0.0036922145206378784
10583434,0.0005567982218413933,0.0439898777174101,0.027696791341141797,0.07172308284115791,0.00677424782546174,0.4124969064943826,0.011715687457507368,0.04291009769893395,0.38213651040216307
10583521,0.000455218212675023,0.0005718306556936471,0.0010702325585312921,0.0008936443343729274,0.0005681135329556589,0.6530496024606729,0.30831276569725213,0.020665950285451876,0.01441264226239451
10584210,0.0008419185280676114,0.00178160641782993,0.014194655693293182,0.0022565764883083106,0.0009915401547502772,0.3160691915985073,0.16936268532181994,0.06673406780331562,0.4277677579941078
10584222,0.0006369486994403683,0.0001648331242672562,0.00037090433830614056,0.0002712450879237029,0.0002211614471634278,0.9156139860293879,0.05590295662007596,0.009916361920776485,0.016901602732658727
10584314,0.0015644240479061808,0.0009873708894928479,0.014485068817706816,0.000511083933235186,0.00017358392888378865,0.29952564903286666,0.0749068220647134,0.044267767102818385,0.5635782301823767
10584430,0.011314840334083073,0.0016533082667173054,0.005042408072806664,0.003278865515263284,0.001162109798440216,0.3577009220593701,0.426765174461436,0.030092716374504478,0.16298965511737887
10584519,0.0010811871721686818,0.014477753845494748,0.005700150542704226,0.004833415416392973,0.007248153803050259,0.6481342335324753,0.02506998035839655,0.02979012686315754,0.2636649984661596
10584820,0.00020061947573773306,0.02328763226188957,0.0030564170623551233,0.0022589110084483372,0.011283177262767447,0.8431374646403146,0.029322559504281247,0.015098730750601955,0.0723544880336038
10585136,0.0003550138421972474,0.01837034474407638,0.01211646597769114,0.02023403421262688,0.002577718513589092,0.7477744385445446,0.008928613729597263,0.07633296442943709,0.11331040600624037
10586849,0.00017427779198335569,0.0040288427546848835,0.0005306602910031555,0.0033282117330115536,0.0014279533183236778,0.9678859368132728,0.008289217970886817,0.009403782921701884,0.004931116405131961
10587734,0.011220609041786097,0.0006222394641423162,0.0005173313229359277,0.0010841437599916886,0.0006966025576483728,0.3201808636818924,0.6470363490762692,0.011939659576945752,0.006702201518388263
10587840,0.0004276190487465784,0.001797987408619923,0.0009681325511611894,0.0030923840061096337,0.0005091099350699691,0.9310612275013477,0.03539121484729067,0.020716834425700797,0.006035490275953545
10588529,0.003244694266680195,0.00013278870667644737,0.0006466759405627412,0.00016625922427604284,0.0001260808701028356,0.00902655136074091,0.9597992918091566,0.0011031118104188084,0.02575454601138549
10588664,0.004238754938664255,0.00017123228979994834,0.0014316643250619561,0.000406811043808247,0.0001336912513996571,0.16473214720290152,0.7121116546763155,0.005529565925738587,0.11124447834631027
10588792,0.0034042392609807334,0.0004265644877871428,0.0016101548794181762,0.0005362505849182597,0.00034296890841486506,0.023809405611234062,0.7857142784685267,0.003135113576900611,0.18102102422181943
10589349,0.0018952274526010556,0.0018026409433557634,0.010659041645936245,0.0014316884818712963,0.00043340148847905124,0.3000049652633511,0.1609945661291827,0.040427963503246324,0.4823505050919766
10589410,0.1008071842324522,0.0023433159935303087,0.013201510549908462,0.01397018989539048,0.0024444179560941834,0.5319373645217584,0.04728272890831745,0.07836636292304268,0.20964692501950594
10589411,0.007688843526746559,0.00036850283856885427,0.002123581062463103,0.0010753159159597125,0.001055200775021769,0.44745898788040295,0.388532034585845,0.020777006190521582,0.1309205272244705
10589472,0.028413215473570716,0.0008253902268817686,0.007670093099457383,0.0019153175096173845,0.0010309618318664053,0.2736893404994278,0.258123119643988,0.015418884720845984,0.4129136769943447
10589485,0.016894769056616306,0.0010722837164763282,0.0072537030408471904,0.006864246225176799,0.0023522303826395614,0.26799063163281717,0.10480654649819933,0.026246239384552453,0.566519350062675
10589763,0.0006008488073835205,0.018388558391387734,0.018341670236068655,0.033622665426167986,0.0032170147343870054,0.6177360170553432,0.011550259555629938,0.1484796830662574,0.14806328272737457
10590733,0.001194541019567213,0.013420960347044132,0.006890597598808897,0.019277777068588728,0.006618235916200749,0.8825878988100635,0.0067800473213670935,0.04071785834370005,0.02251208357465975
10592587,0.31276286471837195,0.004422265848847496,0.01250546845618067,0.006320479795966341,0.017424984969331102,0.5339253870788649,0.007821037207135508,0.05556183076291696,0.04925568116238508
10592944,0.0007025857784772766,0.024194230581892403,0.00493493841227349,0.022539489402226262,0.03732069495358518,0.6991051450510518,0.03122817662033978,0.0373477707968582,0.14262696840329556
10595034,0.0020235202169178092,0.005835532324425472,0.002934326008037575,0.0036512280397810776,0.004444386913080894,0.7855172889786515,0.03220441125660449,0.04325943343494092,0.12012987282756035
