track_id,Clutter,Cormorants,Pigeons,Ducks,Geese,Gulls,Birds of Prey,Waders,Songbirds
6868504,0.06998661,0.042494,0.07048376,0.07416342,0.19425267,0.2713055,0.031660788,0.13189568,0.11375756
6868536,0.06224205,0.03581583,0.061235316,0.076094784,0.12392079,0.32179785,0.026164806,0.15232752,0.14040104
6868565,0.10656057,0.044525605,0.05494522,0.0672588,0.13626869,0.3646693,0.033859827,0.10577113,0.08614088
6868861,0.032299083,0.066815935,0.040002514,0.09028435,0.43731472,0.13253827,0.023309574,0.12490844,0.052527107
6869275,0.026762266,0.052782156,0.03672818,0.06615699,0.35430357,0.20942123,0.025026418,0.14466499,0.08415423
6871418,0.016546365,0.033240136,0.032536503,0.055598818,0.063461,0.64981574,0.02090357,0.06418998,0.06370792
6872996,0.22801058,0.032883104,0.03658665,0.033715677,0.04926972,0.32748806,0.10604959,0.06604221,0.11995439
6873817,0.09744438,0.04016235,0.034831077,0.05361397,0.103464514,0.4049137,0.033423316,0.15271239,0.0794343
6874023,0.0036501826,0.008329796,0.008291435,0.0068919184,0.0076146517,0.8936355,0.017299775,0.02004766,0.03423908
6875504,0.006190305,0.019278422,0.02335802,0.017135939,0.012055031,0.6798609,0.023962777,0.044495415,0.17366317
6875899,0.0069607547,0.011093225,0.010990567,0.011397145,0.009150066,0.6994405,0.06836003,0.032723926,0.14988379
6877293,0.018488022,0.018394414,0.025766058,0.036825567,0.017030865,0.14980294,0.030220727,0.057658073,0.6458134
6880408,0.01607222,0.019864477,0.018417994,0.03270896,0.01836164,0.5695258,0.10582857,0.065009765,0.15421055
6880690,0.0043584793,0.0073065194,0.010225942,0.009597202,0.0067313556,0.83631194,0.018204968,0.019064503,0.088199094
6880833,0.020615108,0.014787407,0.019465733,0.019287502,0.013847821,0.18316588,0.17502491,0.03901099,0.51479465
6880956,0.004605718,0.011890116,0.011712845,0.010455959,0.009252682,0.8373414,0.022576472,0.028291803,0.06387295
6881733,0.025290012,0.016030975,0.016774287,0.018579701,0.016563375,0.16454582,0.6296027,0.0297742,0.08283897
6885154,0.07882912,0.023580836,0.023865327,0.03550833,0.028823355,0.44056875,0.09376366,0.10181005,0.17325056
6887294,0.011613317,0.015291789,0.017986415,0.018134005,0.017149668,0.76056325,0.022521,0.041218832,0.095521726
6887586,0.019880729,0.016555786,0.02377737,0.032364223,0.01771683,0.36137396,0.03271836,0.06493463,0.4306781
6887600,0.01472344,0.013767108,0.021636471,0.023177074,0.013262909,0.3088484,0.039625872,0.04779946,0.5171592
6887637,0.027029118,0.031220986,0.023264017,0.05577902,0.036919642,0.48793048,0.047529124,0.111984946,0.1783427
6887702,0.029289108,0.016154783,0.021282772,0.024312139,0.01602853,0.3117248,0.08459345,0.061078325,0.4355361
6888243,0.022691764,0.04412956,0.04886046,0.07705168,0.03556386,0.3158077,0.034247,0.08752621,0.33412176
6888737,0.0118655,0.025323264,0.032712128,0.055437393,0.024588764,0.41740927,0.02434304,0.057075303,0.35124534
6889024,0.032815993,0.017649462,0.021143233,0.02261676,0.017882463,0.18229213,0.33074448,0.04376979,0.33108565
6890285,0.011667836,0.014264529,0.013962509,0.01726928,0.0118241,0.6198134,0.08279259,0.04658589,0.18181989
6890416,0.010035348,0.012584033,0.018071039,0.016305078,0.0094142975,0.31498578,0.063357435,0.04315733,0.5120896
6890579,0.0130907465,0.012556981,0.019478146,0.015607504,0.0104969125,0.13745931,0.05994312,0.034131233,0.69723606
6890917,0.0210522,0.018398488,0.02761667,0.01931756,0.015874527,0.27126676,0.18220973,0.037840318,0.40642378
6891091,0.022092877,0.022477277,0.038653377,0.053560723,0.024775939,0.27212813,0.029305693,0.075762406,0.4612436
6891208,0.01068365,0.013393542,0.01743149,0.015938718,0.011235536,0.3040259,0.07257025,0.029675813,0.52504516
6891245,0.017150395,0.021415059,0.0377982,0.020976081,0.017753933,0.37048364,0.09475508,0.041557636,0.37810996
6891309,0.011607546,0.020256467,0.03284729,0.023889866,0.013635817,0.18535806,0.037108205,0.039784007,0.6355127
6891366,0.02901191,0.017973993,0.023059208,0.019958677,0.017439377,0.12888224,0.20266353,0.037620787,0.5233903
6891473,0.017188126,0.018107034,0.029029418,0.02909651,0.018784288,0.3869623,0.044779822,0.051534362,0.40451813
6891484,0.011544405,0.012282332,0.01550349,0.013676817,0.010098327,0.20792916,0.11575862,0.031096013,0.5821108
6891531,0.0160769,0.01940873,0.021162849,0.023403725,0.015516042,0.45796922,0.06914376,0.0370015,0.3403173
6891557,0.013083708,0.02215508,0.041735865,0.03252352,0.015846832,0.18005309,0.04051714,0.04658462,0.60750014
6891579,0.013328853,0.017268337,0.023553995,0.01913125,0.013965556,0.23728354,0.05947808,0.029627306,0.5863631
6891867,0.060355935,0.0223724,0.026553916,0.03007939,0.02420534,0.25242767,0.3149632,0.055630784,0.21341138
6891888,0.03490805,0.02250924,0.028689452,0.0352593,0.022062516,0.11189949,0.09861155,0.06319396,0.58286643
6892297,0.033740547,0.018247101,0.019786881,0.020152133,0.01722577,0.08846933,0.47855598,0.03317932,0.29064292
6892562,0.020326996,0.0140983015,0.018641023,0.016342254,0.013108107,0.18821678,0.22276692,0.033767957,0.47273165
6892587,0.022228548,0.013992025,0.021039678,0.020601477,0.012613525,0.28519952,0.11877411,0.05797234,0.44757876
6894293,0.018086767,0.083056696,0.0722695,0.09429654,0.0900634,0.3256312,0.024742525,0.12701732,0.16483605
6895609,0.018866701,0.029858574,0.055537816,0.04665357,0.023055658,0.11638352,0.034677245,0.052329324,0.6226376
6895723,0.01682913,0.010259276,0.012996927,0.009824934,0.009888799,0.78700864,0.052898455,0.02863812,0.07165572
6895905,0.0051498483,0.0071725417,0.008978223,0.006879868,0.0061278194,0.8590523,0.031307295,0.020821733,0.054510385
6895906,0.007453561,0.008099237,0.010763326,0.0071286247,0.0062503647,0.7844831,0.044056054,0.025013248,0.10675253
6895927,0.008999831,0.00956966,0.010620254,0.00979216,0.008839021,0.8273029,0.030733986,0.032066137,0.062076125
6895938,0.0042252783,0.006426122,0.0077441484,0.005851312,0.005465809,0.86554307,0.031800915,0.019483788,0.053459555
6895939,0.004005429,0.0061310134,0.0069949115,0.0052245394,0.0052486993,0.88126874,0.02608114,0.018361516,0.04668402
6895948,0.0033325735,0.005269864,0.0064373207,0.004554776,0.0043130843,0.8936258,0.024880836,0.016519895,0.041065913
6895973,0.005473393,0.006673769,0.009181985,0.006245473,0.0052313157,0.7988701,0.03603924,0.025574239,0.10671045
6895974,0.006304613,0.007633445,0.009871903,0.0068580694,0.0063638934,0.8048514,0.04921718,0.021156522,0.08774297
6896754,0.011081468,0.016492784,0.022020562,0.02039956,0.012385957,0.4273204,0.045236394,0.039730806,0.40533206
6897915,0.013265106,0.04724352,0.07850662,0.05941941,0.038820807,0.37179127,0.029307794,0.09861151,0.26303396
6897964,0.11569195,0.0390037,0.042610507,0.07287251,0.06434418,0.32079604,0.047205936,0.13214155,0.16533361
6899282,0.028574107,0.017663766,0.020734645,0.019319026,0.016594237,0.16872936,0.32588226,0.035681114,0.36682147
6899294,0.034287497,0.01730699,0.019819165,0.021943884,0.016532851,0.14673236,0.34454274,0.05045399,0.34838054
6899376,0.013073794,0.0182184,0.028143799,0.018745994,0.0139736105,0.18923081,0.068879396,0.03765169,0.6120825
6899506,0.016525231,0.01422749,0.017070519,0.013857125,0.012108496,0.5028552,0.14283939,0.034994356,0.24552217
6899530,0.020462938,0.015737217,0.024068864,0.032467224,0.013688811,0.19773361,0.03681612,0.071391985,0.58763325
6899560,0.038420577,0.018735185,0.021173652,0.026502134,0.018107481,0.18799144,0.24774858,0.059193313,0.38212764
6899670,0.035620328,0.022528717,0.029375095,0.02336575,0.023147186,0.2136498,0.11026047,0.044804893,0.49724776
6899695,0.016502367,0.013654361,0.019930722,0.01741127,0.013890386,0.2741676,0.06614467,0.03938069,0.5389179
6899730,0.036025558,0.02228067,0.032248758,0.02646788,0.023108125,0.33161184,0.09400328,0.062099107,0.3721548
6899754,0.04078852,0.018988237,0.027517335,0.035317093,0.02080617,0.3638045,0.05191166,0.075853765,0.36501274
6901206,0.010054304,0.018173013,0.027803944,0.019922264,0.012993622,0.3643118,0.056178182,0.040376883,0.450186
6902131,0.0091011375,0.009022767,0.009762388,0.010130726,0.008448828,0.7427679,0.118706495,0.029299796,0.06276
6902271,0.017334519,0.032164462,0.03512645,0.072165556,0.044372585,0.49675992,0.024259187,0.07521351,0.2026038
6904326,0.028695721,0.018332073,0.021992253,0.02276991,0.017605202,0.103696294,0.15452068,0.046865236,0.5855226
6908023,0.006573021,0.015675,0.012797423,0.024147628,0.014970277,0.7971349,0.025100125,0.047818378,0.05578327
6908625,0.015736194,0.014901082,0.017368913,0.015315384,0.013399032,0.5102216,0.18674116,0.030996092,0.19532055
6909657,0.019616207,0.017241042,0.02186926,0.01990118,0.015832935,0.17446403,0.13092661,0.034275137,0.5658736
6909786,0.024612729,0.014039679,0.018671265,0.02200419,0.013454583,0.18965116,0.16788495,0.060565062,0.4891164
6909952,0.01960538,0.016899347,0.02053381,0.01845893,0.015332721,0.16162038,0.14165391,0.032955438,0.5729401
6910003,0.02074607,0.01499446,0.018426793,0.01863605,0.013574748,0.10729686,0.16416766,0.037697874,0.60445946
6910407,0.0017200653,0.002748507,0.0022576784,0.0025639606,0.0031955906,0.9621594,0.00930862,0.007131971,0.008914192
6910422,0.02888735,0.016399553,0.02104342,0.02248244,0.015417902,0.19829313,0.117154226,0.049440566,0.5308814
6910425,0.03285208,0.018292833,0.020852068,0.022149468,0.017667226,0.084861405,0.2526346,0.042793266,0.507897
6910560,0.022274459,0.017416023,0.024307372,0.041422486,0.01589538,0.21987073,0.067253634,0.08212702,0.5094329
6910590,0.029054794,0.01688837,0.018958243,0.021168916,0.016187752,0.10868952,0.2833343,0.042926937,0.46279117
6912744,0.0019075368,0.0035752258,0.0028256462,0.0034128407,0.0035340372,0.95102036,0.009387605,0.009944405,0.014392376
6919118,0.01049909,0.019981027,0.03408141,0.023537915,0.014751636,0.4517551,0.04279072,0.03960265,0.36300045
6920152,0.00962539,0.016900474,0.038130958,0.02070502,0.013274362,0.43293336,0.037442114,0.04267218,0.38831615
6925791,0.0095429635,0.014515693,0.014100471,0.02146512,0.013532112,0.77255076,0.039521888,0.04714072,0.06763024
6926246,0.058059305,0.018188823,0.018581688,0.016441137,0.01817873,0.6543728,0.10415817,0.040703118,0.0713162
6928841,0.02494221,0.030078633,0.028607499,0.062491957,0.054239012,0.5099831,0.029235136,0.15428923,0.10613322
6928933,0.013203132,0.013909614,0.014927586,0.0115233455,0.013769279,0.7949763,0.042063076,0.034681715,0.060945973
6937241,0.028107347,0.017616479,0.02511484,0.027598793,0.017201671,0.15828414,0.0992325,0.067995936,0.5588483
6938426,0.0026767352,0.0050506163,0.0041105836,0.003758646,0.00439275,0.9262489,0.021773644,0.013336995,0.018651098
6938530,0.0036708284,0.005493331,0.004302045,0.004350263,0.0048827273,0.90915644,0.032311436,0.015672065,0.020160852
6938682,0.013120202,0.015545788,0.020857887,0.017457476,0.013365543,0.269656,0.11573975,0.030463398,0.50379395
6939166,0.002751856,0.004249725,0.0034913642,0.00361754,0.0035016946,0.91465807,0.037304085,0.0122344745,0.018191164
6939222,0.02053053,0.016675446,0.020246223,0.01678994,0.014512261,0.37882218,0.2859654,0.037177175,0.20928082
6944591,0.04427624,0.023382874,0.03091683,0.023591392,0.021661397,0.41601816,0.15994261,0.050656997,0.22955352
6947293,0.003759562,0.006347977,0.007863817,0.0069819824,0.0058686133,0.889266,0.014453018,0.017304042,0.048154924
6952804,0.0067666243,0.012282877,0.025570452,0.013334935,0.011912454,0.78732604,0.021200893,0.02908789,0.092517845
6975207,0.0036765127,0.0052010724,0.006675131,0.00463391,0.004675364,0.9112837,0.013561443,0.013935823,0.03635709
6975472,0.002322304,0.003967266,0.0053855,0.0036221785,0.0035229535,0.9388368,0.008929488,0.009517919,0.02389562
6975490,0.0015619661,0.0025777223,0.0032233256,0.00220153,0.002368888,0.95544344,0.007830212,0.007379317,0.017413601
6976427,0.00282383,0.0036287133,0.0038390956,0.0034517795,0.0035309826,0.9288523,0.017702812,0.010599774,0.025570702
10551287,0.0060925754,0.005911437,0.006648662,0.006876494,0.0056939456,0.85812813,0.03421758,0.026070496,0.05036074
10554874,0.30214578,0.03780995,0.042901173,0.04354369,0.046295583,0.22074224,0.111778066,0.07007974,0.12470378
10555071,0.010130695,0.011219689,0.015544376,0.015473763,0.009340874,0.40469515,0.045288716,0.035705693,0.45260105
10555459,0.010981271,0.031351108,0.04583259,0.02726252,0.02574437,0.5389062,0.03310996,0.081005685,0.20580626
10555968,0.060929015,0.034922183,0.037560336,0.10372564,0.06372171,0.35549262,0.027948938,0.11003493,0.20566465
10556692,0.032244787,0.020188725,0.025570959,0.045523606,0.017784677,0.2658008,0.08224723,0.10234198,0.4082972
10557065,0.002531987,0.005957495,0.0041301474,0.005880938,0.0060231225,0.9178394,0.012274914,0.015113518,0.03024844
10557235,0.004576742,0.010243793,0.009408839,0.012672614,0.010513992,0.86090505,0.013269361,0.029426308,0.048983265
10557310,0.02202631,0.02824638,0.046805084,0.049096804,0.053976487,0.22802955,0.025103997,0.07723377,0.46948162
10557603,0.010145423,0.015939334,0.017300064,0.024246762,0.013829535,0.5250729,0.033326562,0.04337953,0.31675988
10557649,0.0047777668,0.009062845,0.00824168,0.0099602705,0.009404609,0.8759629,0.014238594,0.02615136,0.042199966
10559369,0.0436502,0.017461708,0.017511213,0.020343741,0.020976653,0.6194,0.07954,0.06150607,0.11961042
10559516,0.0124051925,0.013543491,0.012473879,0.01628746,0.013962963,0.70365137,0.055159602,0.04558534,0.12693073
10559765,0.0064818063,0.016948095,0.013147012,0.017022196,0.013110428,0.70259887,0.02428635,0.044084027,0.16232125
10559904,0.026253754,0.018910676,0.018534938,0.025222065,0.018152315,0.595315,0.06567917,0.07678306,0.15514904
10561136,0.04228858,0.022141447,0.02114503,0.028371802,0.024189558,0.5572677,0.04663575,0.08985503,0.16810508
10561583,0.031054532,0.01417483,0.016155297,0.019281643,0.0144796455,0.5786204,0.15992314,0.058661487,0.10764905
10561870,0.00518704,0.007068054,0.0058887973,0.0073280865,0.006573108,0.8632865,0.04744267,0.023686916,0.033538803
10562711,0.02608217,0.047943067,0.049704414,0.14351983,0.07307192,0.27572155,0.029951869,0.09301042,0.26099476
10566953,0.005441736,0.008277304,0.010456621,0.007562799,0.0070484877,0.7969363,0.061818555,0.025421625,0.07703661
10567563,0.041197512,0.032133464,0.039665475,0.036471162,0.033938874,0.39657125,0.055977684,0.0722765,0.29176807
10568512,0.028300596,0.014799129,0.018634679,0.019581772,0.014919869,0.44645992,0.15397964,0.060691845,0.24263255
10569249,0.0058438247,0.0070994617,0.007255199,0.008206673,0.006222118,0.7768316,0.058276713,0.0278158,0.102448605
10569900,0.026379986,0.09301514,0.06863054,0.11429976,0.19920272,0.21594338,0.028384106,0.1425574,0.11158698
10569996,0.017083984,0.013224941,0.015430748,0.0173073,0.01243421,0.53416276,0.1360659,0.053461183,0.20082903
10570047,0.003344464,0.0061505632,0.0048681027,0.0068904213,0.005627515,0.8988851,0.018806241,0.023964174,0.03146343
10570186,0.026689952,0.016633142,0.015333896,0.02074441,0.019152123,0.6125798,0.0879508,0.06954291,0.13137299
10570190,0.008618161,0.010383654,0.008726433,0.012258719,0.010235753,0.7734458,0.0697893,0.037509143,0.06903302
10570281,0.010551052,0.010722265,0.01112743,0.014414503,0.010284249,0.65080214,0.100499295,0.04819789,0.14340115
10570444,0.1641034,0.029672427,0.034412168,0.04344331,0.03442992,0.33921382,0.08213112,0.096835926,0.1757579
10570516,0.020782944,0.016946167,0.01756991,0.021227349,0.015526835,0.6201259,0.044939645,0.07214931,0.17073195
10570563,0.036720965,0.016155433,0.018533917,0.021717664,0.01709209,0.36493173,0.21978927,0.0671276,0.23793133
10570908,0.02095053,0.011614897,0.011663358,0.015101197,0.013114535,0.5861813,0.19804046,0.045162905,0.098170795
10570962,0.012193806,0.024070479,0.037067898,0.020592472,0.02060268,0.5676575,0.03026868,0.085725226,0.20182128
10571126,0.047038775,0.01709067,0.021498738,0.025260737,0.016625762,0.31185085,0.12546216,0.06947222,0.36570007
10571129,0.11283165,0.026553443,0.029849764,0.058117226,0.028117692,0.30756947,0.07036805,0.11615558,0.2504371
10571130,0.042150117,0.022227013,0.029836869,0.06843778,0.023482764,0.40834486,0.035660714,0.101687275,0.2681726
10571150,0.03869302,0.020902805,0.022305205,0.03155568,0.020735852,0.53378534,0.038795363,0.098854505,0.19437222
10571157,0.0329642,0.014570757,0.017574374,0.017166976,0.014012062,0.2760998,0.33436903,0.04245276,0.25079003
10571249,0.014807673,0.009607569,0.009972303,0.012765561,0.009784334,0.69304043,0.09044825,0.042474825,0.11709906
10571563,0.020127526,0.07716651,0.06512797,0.1031019,0.06321436,0.33400315,0.027476914,0.09950239,0.21027929
10571600,0.03373552,0.017723838,0.016313426,0.023751315,0.021661961,0.6016192,0.08294993,0.0774166,0.1248282
10573894,0.025063243,0.021392472,0.026722407,0.055659384,0.027168322,0.46963337,0.04943464,0.11466788,0.21025829
10574347,0.035816364,0.015558521,0.022084674,0.024692655,0.017500434,0.49148506,0.05440669,0.078997135,0.25945845
10574370,0.02680949,0.013028133,0.016625104,0.019764524,0.013387523,0.4714837,0.08363034,0.07117754,0.28409365
10574372,0.025516214,0.013100513,0.017081218,0.01582197,0.0129123395,0.46941277,0.15373792,0.044186532,0.24823053
10574408,0.03773115,0.03483187,0.037846953,0.115894265,0.054028384,0.32296905,0.027818678,0.12766802,0.24121162
10574430,0.014630756,0.012077404,0.015472877,0.018984333,0.0115605015,0.5204727,0.03346845,0.05800655,0.31532645
10574439,0.035465572,0.013307471,0.01583317,0.023785038,0.0141935935,0.5482526,0.108357824,0.076152235,0.16465251
10574456,0.0415102,0.0198755,0.021734575,0.028822381,0.022536103,0.55905926,0.048226926,0.06144575,0.1967893
10576038,0.12735754,0.021796534,0.024121404,0.02469217,0.026322076,0.54983497,0.047424093,0.07585111,0.102600105
10576770,0.0153188,0.020876715,0.025672194,0.037771467,0.016288271,0.4801383,0.036089867,0.06183108,0.30601332
10577118,0.010484737,0.024533208,0.025910355,0.03115797,0.020110864,0.5441055,0.029091528,0.06487296,0.24973282
10577354,0.023604793,0.011150314,0.0136502795,0.011787599,0.010998543,0.60722727,0.16276513,0.03290795,0.12590814
10577622,0.0074326685,0.013767176,0.013652839,0.016137697,0.0119190905,0.660434,0.038276166,0.044581715,0.19379862
10577723,0.017220432,0.0148403635,0.020705352,0.018710082,0.0148670925,0.6780913,0.066629395,0.042677864,0.12625818
10578130,0.1586628,0.026040569,0.026699824,0.032644268,0.032957602,0.39507207,0.08088782,0.088576846,0.15845822
10578295,0.012237784,0.0127851665,0.012683981,0.01702726,0.011902556,0.6287657,0.1072462,0.05203756,0.14531378
10579132,0.010749373,0.01115079,0.012120978,0.014692179,0.010229647,0.58374226,0.12487324,0.04605305,0.18638845
10579372,0.0058728307,0.0113866925,0.013479098,0.010366157,0.008575263,0.79038864,0.04535826,0.030198034,0.08437504
10579452,0.0042081485,0.0094584245,0.0070289182,0.013350872,0.011888805,0.8832523,0.014364699,0.021270206,0.03517762
10579754,0.0055124513,0.011876848,0.011848869,0.01321742,0.013449048,0.8341208,0.017191388,0.035350293,0.057432864
10580098,0.00961771,0.009030584,0.0092230765,0.010529815,0.009967635,0.7964088,0.06864542,0.033578433,0.05299852
10580150,0.0043426626,0.008162625,0.007772877,0.008807415,0.007241118,0.87111825,0.022364186,0.027199129,0.042991724
10580642,0.03703203,0.015557116,0.015996294,0.022089193,0.016948795,0.5528545,0.108169466,0.06900644,0.1623462
10580740,0.044932354,0.017090386,0.020189917,0.022446511,0.017926127,0.3884476,0.18862307,0.0639279,0.23641613
10580745,0.020153537,0.013853865,0.016424986,0.017197054,0.013141245,0.48871696,0.12639558,0.05581511,0.24830167
10580771,0.06168869,0.018764023,0.02394471,0.038543016,0.022275196,0.38706946,0.0782413,0.12047553,0.24899806
10580995,0.0112647815,0.014907306,0.021985466,0.021799527,0.012856013,0.41049188,0.05893855,0.05016745,0.39758903
10581310,0.00881845,0.01419342,0.017910171,0.016105568,0.012675736,0.6830762,0.043454595,0.042275112,0.16149075
10581368,0.0651449,0.047179244,0.053113643,0.16017655,0.062825955,0.21869604,0.031789567,0.114246525,0.24682757
10582173,0.085109375,0.022452667,0.02233369,0.030784748,0.027066493,0.4685181,0.08904131,0.08796457,0.16672905
10582418,0.21493857,0.03158528,0.034087665,0.037207622,0.043319196,0.32842332,0.079256825,0.080778465,0.15040308
10583009,0.0072691645,0.0076067448,0.006612982,0.00850304,0.0071983673,0.7979683,0.09848029,0.029332018,0.03702908
10583434,0.014201057,0.042878676,0.04054994,0.08079845,0.03311218,0.33208385,0.027836243,0.0757853,0.3527543
10583521,0.01392907,0.011682655,0.012705206,0.014991042,0.011557239,0.5345452,0.22669758,0.04511885,0.12877323
10584210,0.010503353,0.013600186,0.020366622,0.017429663,0.011306688,0.3980788,0.055389304,0.04669013,0.42663527
10584222,0.024888,0.011246003,0.013118259,0.014437431,0.012401501,0.5641925,0.18202396,0.043854337,0.13383798
10584314,0.013583392,0.013227727,0.02023699,0.014968904,0.010888248,0.2514469,0.081207044,0.04286147,0.5515793
10584430,0.036473818,0.016146444,0.018337887,0.02205582,0.016016584,0.3527602,0.274057,0.05713793,0.20701432
10584519,0.013507804,0.0227243,0.018831983,0.021636805,0.022810802,0.68563837,0.035716303,0.058475416,0.12065822
10584820,0.010334548,0.027305039,0.01634083,0.023655824,0.027192911,0.7146007,0.03438864,0.05359573,0.092585795
10585136,0.012310309,0.041270368,0.04059944,0.053395048,0.03311421,0.48070163,0.025951164,0.08467374,0.22798412
10586849,0.0061203,0.0078008547,0.0065469616,0.010175367,0.008063082,0.8574532,0.035013184,0.029197868,0.0396292
10587734,0.08031267,0.02108307,0.020552326,0.022371754,0.021491345,0.40439087,0.31849068,0.04802326,0.063283995
10587840,0.010648596,0.008123567,0.010306868,0.010714154,0.007971055,0.80835414,0.05393442,0.031339414,0.058607776
10588529,0.0311078,0.01598324,0.017400723,0.01879157,0.01627591,0.09128126,0.6350874,0.029496305,0.14457586
10588664,0.029858401,0.014011978,0.01655271,0.017661363,0.0137323635,0.21319826,0.41485062,0.040350694,0.23978363
10588792,0.027288124,0.017203912,0.018149287,0.019130364,0.016478894,0.10079539,0.5317313,0.030305905,0.2389168
10589349,0.0144326305,0.01408185,0.01806786,0.015645482,0.01196555,0.21251154,0.15005867,0.034555897,0.5286805
10589410,0.069972366,0.018221365,0.026377544,0.029513678,0.02058886,0.4501827,0.099460386,0.06674093,0.21894217
10589411,0.040215366,0.019685213,0.0226198,0.023738466,0.021478916,0.3589225,0.23904732,0.044361606,0.2299308
10589472,0.043712907,0.022207402,0.026696965,0.02536087,0.022667065,0.20068657,0.23872268,0.04348972,0.37645578
10589485,0.044307407,0.026073111,0.029885905,0.033139355,0.027624728,0.24173215,0.17392614,0.05149049,0.3718207
10589763,0.013580554,0.036573898,0.038042564,0.04779832,0.025653657,0.44111323,0.034199856,0.08028741,0.28275052
10590733,0.006462561,0.0093444055,0.008283595,0.01488322,0.011827128,0.8585971,0.017773854,0.030320264,0.042507812
10592587,0.35343745,0.030079352,0.03352614,0.043253135,0.05060111,0.24561961,0.04419545,0.08888147,0.11040625
10592944,0.0064464617,0.01357001,0.013726017,0.01945484,0.01451425,0.79541427,0.0200596,0.03125026,0.08556431
10595034,0.028698226,0.033920687,0.026644029,0.04110228,0.032457087,0.55402124,0.052760232,0.08265862,0.14773759
10596119,0.008079208,0.011968632,0.009257122,0.012601728,0.011424972,0.82728595,0.028060323,0.03546401,0.05585806
10599481,0.007433141,0.0092321625,0.007527814,0.009387971,0.009286987,0.81535566,0.062983274,0.028513428,0.05027962
10599552,0.083589464,0.021562077,0.023254171,0.026391467,0.022314107,0.43802038,0.12068841,0.0762413,0.18793863
10599609,0.027843319,0.019197162,0.023895996,0.020614129,0.018051555,0.18696058,0.2244622,0.04331289,0.43566215
10599643,0.0052561257,0.006591763,0.0062245782,0.0075554713,0.006630315,0.83433616,0.05345152,0.025855206,0.054098856
10599718,0.060560018,0.021207891,0.022001296,0.033244777,0.026098106,0.45566165,0.08834172,0.10693232,0.18595222
10599755,0.016919157,0.010444881,0.011390192,0.014606296,0.010854566,0.59352636,0.12516117,0.053475536,0.16362186
10599776,0.018381437,0.011448664,0.013295718,0.019901743,0.012407501,0.56973976,0.07610539,0.07635163,0.20236814
10599823,0.014019603,0.010639416,0.00944839,0.013165332,0.012090615,0.74356127,0.08003219,0.0455319,0.07151134
10599926,0.015917405,0.013107832,0.016631577,0.015539368,0.013153408,0.51572376,0.049470022,0.055695802,0.3047608
10600363,0.02131495,0.015372776,0.01946998,0.03565748,0.017520152,0.48593268,0.06912609,0.09015177,0.2454541
10600655,0.116283245,0.024745991,0.028369049,0.04807295,0.030851742,0.3776249,0.045403972,0.11806074,0.21058741
10600700,0.03537898,0.014990387,0.018775173,0.023788827,0.015501597,0.39488536,0.1136247,0.07833087,0.30472413
10600716,0.046293892,0.016153777,0.020279873,0.022820503,0.017613143,0.37402737,0.16109589,0.07171281,0.27000272
10600717,0.01461129,0.013129528,0.021299422,0.018273829,0.011368214,0.36649203,0.048879344,0.057979807,0.44796655
10600746,0.020403275,0.011869658,0.014826143,0.015887223,0.011709479,0.29150206,0.30498376,0.049363583,0.27945483
10602334,0.01723844,0.012780062,0.015032283,0.0158734,0.012408435,0.4365093,0.27648017,0.04559139,0.16808647
10602555,0.022795493,0.0160162,0.016742848,0.020639976,0.016000912,0.4101421,0.27172628,0.053829107,0.17210707
10602707,0.012417966,0.010186455,0.012417121,0.011927602,0.009157533,0.48747456,0.17144774,0.038327727,0.24664329
10602774,0.012430414,0.012804612,0.011476762,0.01659129,0.0128635615,0.6547399,0.114078574,0.05018901,0.11482586
10602968,0.007132399,0.007734861,0.0073702326,0.008872819,0.0070928824,0.78499275,0.09119006,0.027845405,0.057768542
10603667,0.028291576,0.017295783,0.016435996,0.02470053,0.020655522,0.58967125,0.109947555,0.08044554,0.11255626
10603790,0.1246908,0.030891847,0.04314199,0.09128229,0.042018265,0.25197718,0.034078147,0.1521729,0.22974658
10603793,0.06302702,0.022287745,0.025114141,0.029744899,0.027316594,0.38006198,0.076891795,0.07781112,0.29774472
10603811,0.06624294,0.021947162,0.027589,0.036340054,0.029754901,0.36656725,0.048585076,0.08187472,0.32109886
10603826,0.18891236,0.027650164,0.03162318,0.03867651,0.034219325,0.3322084,0.089012854,0.08852673,0.16917048
10603843,0.12730005,0.029077455,0.035278745,0.046485793,0.03699224,0.36106896,0.06806952,0.1047271,0.19100013
10603847,0.019614927,0.01606673,0.022759432,0.022110026,0.016183732,0.4163154,0.0452884,0.07392269,0.36773863
10603856,0.14378972,0.032573543,0.045464072,0.07903376,0.048543427,0.28062707,0.034168843,0.13993838,0.19586119
10603858,0.07419705,0.030947572,0.042187702,0.046732895,0.04070301,0.38162822,0.044755667,0.11345227,0.2253956
10604136,0.014894485,0.01695177,0.012971867,0.020014735,0.01930636,0.7142728,0.051813073,0.06131805,0.08845684
10604299,0.007908433,0.007215455,0.007148858,0.008262272,0.007076779,0.74717855,0.1094213,0.027792798,0.07799558
10604888,0.051135343,0.044930097,0.03603426,0.061154436,0.06421059,0.41939437,0.0653254,0.09368557,0.16412991
10605284,0.013771707,0.009947927,0.011026842,0.010592034,0.009406877,0.47462153,0.295306,0.030488718,0.14483836
10607892,0.010050823,0.013444609,0.01574424,0.014962038,0.010892356,0.31738403,0.08273366,0.033315305,0.5014729
10608352,0.016037801,0.012680078,0.012540804,0.016758278,0.013390361,0.58531874,0.15037574,0.054647427,0.13825077
10610526,0.11673804,0.022540716,0.025454253,0.04608224,0.02635028,0.37068492,0.06506909,0.105815426,0.22126505
10610534,0.36162654,0.03190146,0.038931366,0.043807223,0.046639573,0.21497467,0.05663471,0.078642376,0.1268421
10610659,0.064294875,0.024970988,0.02239884,0.03606226,0.03466603,0.482015,0.10550075,0.10168093,0.12841032
10611077,0.012161629,0.015604089,0.010392007,0.016941337,0.017678693,0.7669746,0.05272384,0.05320994,0.05431388
10611150,0.006794463,0.009921133,0.010065467,0.009820444,0.007965883,0.7373978,0.0653655,0.032890253,0.11977901
10612960,0.012891033,0.037022796,0.03512562,0.077152416,0.0652517,0.56299585,0.02266317,0.08757344,0.09932399
10613432,0.03633003,0.065175585,0.03742832,0.139721,0.15107721,0.28179643,0.028759288,0.18957959,0.070132546
10615359,0.028158505,0.016221391,0.01665284,0.025593719,0.01620013,0.51474786,0.07986546,0.09290653,0.20965356
10616063,0.027300581,0.023804655,0.019870602,0.03027013,0.0312719,0.5906202,0.050753117,0.082294226,0.14381461
10616067,0.027504187,0.023268813,0.025947306,0.028877618,0.0242824,0.54070175,0.050057575,0.07307198,0.20628837
10616344,0.007919248,0.01289168,0.01941675,0.02205943,0.013192253,0.7240755,0.02052626,0.032536972,0.1473819
10616646,0.014142339,0.025850557,0.020301899,0.054407995,0.022071788,0.5990808,0.035226267,0.082062595,0.14685574
10617233,0.014409738,0.010295785,0.0116612585,0.010706659,0.009837196,0.52643234,0.33893433,0.023843959,0.053878725
10625331,0.03356496,0.023613198,0.021061268,0.03505395,0.02674364,0.57556427,0.07395764,0.079596974,0.1308441
10625616,0.02139934,0.016911162,0.025416067,0.017423214,0.014995737,0.37851313,0.09444217,0.047285553,0.38361362
10625848,0.0081830425,0.014994065,0.021201162,0.022400135,0.0117772035,0.57503814,0.031550385,0.03137876,0.2834771
10629182,0.020790275,0.020631853,0.033383843,0.037497345,0.018234892,0.30055854,0.038135864,0.06390095,0.46686646
10629593,0.01909705,0.013838684,0.018897085,0.01649277,0.011921067,0.4770639,0.09880032,0.04331866,0.3005705
10631640,0.018963905,0.015080075,0.020555835,0.017266959,0.013482305,0.31459126,0.17256734,0.03455559,0.3929367
10631716,0.006389253,0.0071712,0.00928482,0.0070093665,0.0072484114,0.8577355,0.03481849,0.018509151,0.05183373
10631762,0.0034262368,0.0074669365,0.010317896,0.0085466,0.0072979424,0.88293344,0.011185166,0.016930308,0.051895484
10631811,0.03283803,0.021059839,0.029927028,0.021884069,0.019864446,0.5546875,0.15288615,0.03804743,0.12880547
10631837,0.0040989346,0.0074018734,0.0082217585,0.009265833,0.006814614,0.87808925,0.014708852,0.019552225,0.05184665
10631847,0.023001526,0.02128404,0.027523933,0.019962609,0.01900358,0.48702967,0.1366647,0.03818592,0.22734398
10631868,0.0058550905,0.0064744134,0.010295654,0.0069534243,0.006450551,0.8590203,0.029507348,0.019304227,0.056139007
10633681,0.020544915,0.053274903,0.08100281,0.088682964,0.038732287,0.3260842,0.02803349,0.07930458,0.28433985
10634284,0.0061500557,0.00889871,0.008973596,0.010836977,0.007864564,0.8352098,0.040694926,0.025572805,0.0557986
10634751,0.010071768,0.014015758,0.02179927,0.016766336,0.012590557,0.6396656,0.035265625,0.024189714,0.22563536
10634784,0.003927453,0.0060300445,0.00950309,0.007254675,0.0058162576,0.8857586,0.01611645,0.013384285,0.052209195
14964636,0.010591692,0.01643334,0.030165726,0.016283229,0.0125508,0.36489454,0.05942663,0.03517605,0.454478
14965242,0.023107858,0.09465831,0.05871553,0.09447641,0.23796746,0.23615576,0.026457822,0.12956662,0.09889422
14965666,0.006737589,0.018815372,0.015259169,0.018362502,0.013237142,0.6957706,0.032967523,0.035378527,0.16347156
14972026,0.016681325,0.017736226,0.026548,0.018489316,0.01489819,0.40687534,0.04622638,0.04613058,0.40641466
14972090,0.011782269,0.0149472635,0.019748071,0.014970961,0.012324605,0.5224824,0.043550357,0.041694175,0.3184999
14974044,0.009551996,0.035946216,0.050230708,0.055136703,0.026473591,0.44177,0.026531436,0.06365037,0.290709
14974586,0.007182994,0.015301048,0.017194781,0.022390256,0.013887221,0.5769771,0.025085952,0.03251792,0.28946275
14975479,0.009202079,0.012543824,0.014664438,0.011796401,0.010246429,0.5108042,0.0964924,0.029185534,0.3050647
14976063,0.013782289,0.014507319,0.022360884,0.023536757,0.0141909495,0.392441,0.033284444,0.042583022,0.44331333
14976076,0.012023395,0.015172171,0.022553965,0.019991526,0.0136641245,0.32786375,0.054755755,0.03170866,0.50226665
14976116,0.025147634,0.026638793,0.032445103,0.074268654,0.024071485,0.36073655,0.036994103,0.07745337,0.3422443
14976137,0.014223759,0.013479212,0.016532468,0.017803185,0.01343103,0.1351964,0.053074185,0.03204594,0.7042138
14976834,0.020904386,0.06042488,0.040625967,0.09924157,0.23039277,0.35559165,0.02390919,0.10220865,0.06670095
14978764,0.009876182,0.023065234,0.037198402,0.021509271,0.015572952,0.49337694,0.034009118,0.04990583,0.31548607
14981625,0.003085688,0.0061459723,0.00498397,0.0072207693,0.006417405,0.9126796,0.018083656,0.014911274,0.026471602
14981687,0.0053011687,0.0074288724,0.0061471825,0.0078024557,0.0076424414,0.8769953,0.042170074,0.022746185,0.023766266
14981722,0.009594716,0.016973775,0.023186844,0.025315978,0.013840869,0.38888973,0.038985915,0.04102693,0.44218525
14984061,0.03702258,0.02613623,0.03864535,0.053664077,0.025785249,0.13769163,0.03195186,0.074580185,0.57452285
14984105,0.004169398,0.011634091,0.011533867,0.008321881,0.008974633,0.8500492,0.022716623,0.028007705,0.05459263
14985917,0.010036377,0.016847624,0.02536845,0.037715744,0.012899147,0.29134238,0.022802694,0.05512161,0.527866
14985959,0.007226493,0.012832429,0.018325958,0.017239124,0.009116877,0.31341803,0.03127698,0.03608306,0.5544811
14986272,0.013607052,0.014414769,0.016668439,0.02022418,0.012463353,0.3658105,0.043838423,0.05759844,0.4553748
14986784,0.012182949,0.019212795,0.02907402,0.040380884,0.014272795,0.26231214,0.027847847,0.056574572,0.53814197
14988721,0.39568788,0.039502338,0.047359172,0.06021765,0.061681844,0.16075736,0.049809005,0.073602475,0.111382276
14988743,0.38725182,0.0342658,0.034179956,0.032172345,0.038451083,0.23504005,0.13179626,0.04683393,0.060008727
14988773,0.4776245,0.030338248,0.030925408,0.028791277,0.038133316,0.21017325,0.091098234,0.0416917,0.051224068
14991846,0.01646096,0.03741518,0.027481934,0.075192146,0.070573494,0.5951841,0.021536121,0.065868974,0.09028711
14993381,0.0052213985,0.009759721,0.01235784,0.0130103,0.011817178,0.8481479,0.014292486,0.02696891,0.05842419
14993467,0.010584768,0.014245297,0.019911835,0.016112257,0.014479265,0.7239502,0.028903939,0.034891427,0.13692102
14993499,0.011675022,0.016278656,0.026692223,0.021284048,0.017820802,0.7008674,0.027103703,0.04193178,0.13634638
14993756,0.004383391,0.006146689,0.0060201124,0.006802836,0.006850263,0.88507396,0.018297162,0.022566443,0.043859176
14993805,0.5420697,0.027483478,0.035520304,0.035756033,0.067222126,0.13400881,0.02512145,0.08219131,0.050626796
14993862,0.00456917,0.004467981,0.00440132,0.004805403,0.0050204643,0.9028864,0.025792526,0.016108057,0.0319487
14993915,0.010700527,0.0110105835,0.011945242,0.013847415,0.012445561,0.8658019,0.018450288,0.021848729,0.033949804
14994055,0.0047876984,0.0064326385,0.008579588,0.009647304,0.008592385,0.8939349,0.010842015,0.023745313,0.033438165
14994074,0.0075899577,0.009728578,0.009842189,0.010890698,0.010900882,0.88038653,0.016188404,0.020094808,0.034377947
14994471,0.009190727,0.012163054,0.008055612,0.012252955,0.016919343,0.866718,0.015289292,0.028453104,0.030957945
14994472,0.0024067077,0.0041035796,0.0033447943,0.0046750773,0.0047079367,0.936493,0.014929115,0.011480135,0.017859623
14997775,0.036101844,0.020060644,0.02378672,0.023874488,0.020218518,0.1738779,0.36688027,0.048874963,0.28632465
14999004,0.008455893,0.006222025,0.006839269,0.0064577283,0.006471428,0.86756426,0.045232434,0.017376103,0.03538091
15001560,0.0028716812,0.007185574,0.005006453,0.007211164,0.0072162612,0.9149895,0.012336214,0.01558356,0.02759964
15001613,0.019334024,0.04086523,0.041874103,0.10148429,0.05038331,0.45769575,0.030005502,0.06092898,0.1974288
15001738,0.019951351,0.05654641,0.042593367,0.1795022,0.071385935,0.31502706,0.026340026,0.07319949,0.21545418
15004811,0.03882807,0.047698993,0.09928842,0.06681194,0.04797883,0.30259302,0.03604882,0.109560505,0.25119138
15008061,0.01755582,0.013815605,0.020458817,0.013619687,0.012948009,0.53859454,0.17090954,0.037677903,0.17442006
15008213,0.034670804,0.019639898,0.023200296,0.020443425,0.01896008,0.21887344,0.43345097,0.03327947,0.19748163
15008611,0.0061755734,0.010483661,0.011692165,0.010123071,0.008837686,0.7508663,0.030634576,0.022642193,0.14854479
15019961,0.067951754,0.018830596,0.024374649,0.03033937,0.020437494,0.32200864,0.13315894,0.08172988,0.3011687
15020343,0.012526555,0.009217599,0.011148219,0.01188977,0.009214157,0.51554525,0.10283021,0.043787517,0.2838407
15020355,0.012901478,0.010232036,0.011358527,0.012287346,0.010842633,0.617467,0.106905796,0.04142637,0.17657883
15020443,0.03388692,0.019604607,0.019275345,0.033432875,0.024495529,0.517154,0.06267382,0.09885195,0.19062495
15020475,0.011776449,0.00909072,0.010295474,0.011002873,0.009720474,0.6262825,0.13814655,0.034482088,0.14920287
15020478,0.015868895,0.011893076,0.016618472,0.01753035,0.010876911,0.1529581,0.070388235,0.0427607,0.6611052
15020616,0.035826467,0.015016514,0.018740624,0.022524724,0.015785618,0.3031114,0.13281628,0.06601293,0.39016545
15020628,0.018139048,0.01168428,0.015233572,0.014925227,0.010973758,0.3217157,0.14854527,0.044926584,0.41385657
15020872,0.0021315927,0.0035734319,0.00370875,0.0044254134,0.003529659,0.93945605,0.011798182,0.010076059,0.021300888
15021128,0.019782722,0.0121440515,0.014976041,0.015026335,0.012261881,0.41079158,0.20385325,0.04758315,0.26358098
15021160,0.01738683,0.013119067,0.015658153,0.016300654,0.012858487,0.2453934,0.19428696,0.043295577,0.44170088
15021257,0.017264597,0.030652769,0.06787719,0.050101496,0.024974857,0.15309812,0.039917488,0.050334577,0.5657789
15021684,0.016384734,0.014518297,0.01845811,0.013579906,0.012523456,0.5930627,0.104879335,0.03127321,0.19532023
15021692,0.012282217,0.014358907,0.015014475,0.016839437,0.012790282,0.49114063,0.1172245,0.04134994,0.27899957
15021701,0.02542266,0.018560978,0.02168612,0.023104101,0.018697053,0.1512231,0.06367438,0.042132355,0.63549924
15021774,0.023578702,0.013278828,0.018627614,0.024453126,0.013114208,0.31345302,0.056310922,0.068442665,0.4687409
15021895,0.032335777,0.018601045,0.021489298,0.021221643,0.01869492,0.22118472,0.2967321,0.047977597,0.3217629
15022136,0.020256702,0.051650595,0.095804274,0.13558199,0.06342125,0.26962164,0.025839312,0.10509477,0.23272946
15022196,0.010142982,0.010479153,0.010705666,0.012235917,0.011585624,0.7803901,0.053680748,0.03167159,0.079108216
15022379,0.015415696,0.009937449,0.013755754,0.010555391,0.00964661,0.68234843,0.14305231,0.030641178,0.08464722
15022812,0.008551934,0.015147639,0.028017877,0.019303124,0.010995681,0.20924766,0.03994994,0.03463812,0.634148
15023358,0.0064688083,0.012359753,0.01924218,0.012867815,0.009137063,0.2957031,0.033432733,0.031179866,0.5796087
15025120,0.01208269,0.012264796,0.015000602,0.015223128,0.010886442,0.4230035,0.18693335,0.040721454,0.28388402
15026359,0.0279135,0.030720375,0.036413558,0.04526683,0.025349395,0.33518454,0.05177497,0.07174476,0.37563208
15026505,0.0054833605,0.010049884,0.008783007,0.0133472225,0.0091108885,0.7953197,0.024384934,0.019587027,0.11393403
15027149,0.011289316,0.011171172,0.015256757,0.010975224,0.00989192,0.7202899,0.07949028,0.025793266,0.1158422
15027656,0.021264417,0.017208591,0.022927077,0.01636521,0.015065953,0.4899033,0.15107967,0.032822885,0.23336288
15029423,0.017314797,0.040752027,0.053990692,0.0555853,0.027551211,0.23698689,0.034967463,0.06843509,0.4644165
15030927,0.025907952,0.039944902,0.11824028,0.05457495,0.05557061,0.33946934,0.033425942,0.15662964,0.17623636
15030980,0.0019350412,0.0030743685,0.002544012,0.0031459401,0.00357543,0.9576767,0.008474949,0.00871111,0.010862442
15031320,0.0021828269,0.0043187016,0.0034467897,0.0042679366,0.0045791366,0.9444173,0.008770428,0.011606368,0.016410567
15031685,0.013119554,0.021228898,0.054483872,0.04294037,0.0222781,0.419787,0.03814529,0.07507405,0.3129429
15032898,0.13586685,0.0529363,0.04402608,0.058224395,0.12381205,0.3553889,0.039871156,0.12326782,0.06660644
15032900,0.021052994,0.013860122,0.023302753,0.016571164,0.013037212,0.66864055,0.028875979,0.054512255,0.16014701
15032928,0.04816632,0.015268383,0.02178264,0.018551245,0.016877202,0.6722725,0.034951273,0.054910038,0.11722033
15033174,0.017677018,0.050799422,0.124874644,0.099559724,0.071102224,0.30149087,0.026255215,0.12068467,0.18755624
15033276,0.020318655,0.021492211,0.038450953,0.03102848,0.022269113,0.56659436,0.03303293,0.05750646,0.20930685
15033325,0.008823829,0.008391353,0.0101084085,0.009600669,0.009246393,0.8028974,0.030580552,0.027250763,0.09310066
15034238,0.031688817,0.017047556,0.019617753,0.019139115,0.016710201,0.1425368,0.40967909,0.031425953,0.31215474
15034502,0.0063424204,0.013299654,0.021803956,0.017096598,0.01788524,0.80811185,0.014956708,0.037989803,0.0625138
